#
65 371 104 372 10
83 346 77 242 26
40 218 80 218 10
91 232 121 348 30
125 348 141 241 27
139 214 174 219 9
163 243 166 346 26
147 367 194 372 12
#
203 366 199 338 7
221 364 227 354 3
217 357 211 346 3
200 350 210 345 3
257 316 243 291 7
248 273 231 223 13
200 350 206 339 3
201 308 189 287 6
200 350 209 362 4
198 378 227 390 8
#
315 673 354 666 10
328 647 326 535 28
312 519 343 516 8
350 610 388 580 12
372 566 400 564 7
352 626 390 654 12
379 665 407 665 7
#
388 354 407 305 13
412 366 413 377 3
406 438 398 429 3
391 408 386 396 3
377 377 367 369 3
370 345 360 337 3
377 323 367 315 3
373 274 385 274 3
412 269 423 272 3
439 287 449 293 3
441 315 435 325 3
#
463 428 511 428 12
488 411 486 347 16
466 340 491 321 8
498 334 522 334 6
537 326 533 345 5
#
686 525 683 537 3
672 537 652 523 6
630 526 618 530 3
602 543 594 552 3
603 570 638 580 9
653 589 663 595 3
670 620 660 632 4
636 642 612 643 6
588 635 584 623 3
#
720 291 694 278 7
676 270 642 319 15
656 342 680 383 12
713 386 734 375 6
756 367 756 339 7
#
894 326 881 341 5
826 401 825 321 20
923 351 916 279 18
876 368 873 340 7
900 350 870 338 8
#
1000 350 1007 359 3
1000 350 988 346 3
1000 350 981 343 5
1000 350 981 343 5
1000 350 981 343 5
1000 350 981 343 5
1000 350 981 343 5
1000 350 981 343 5
#
1088 368 1057 335 11
1100 350 1100 334 4
1100 350 1086 369 6
1100 350 1093 322 7
1100 350 1088 315 9
1100 350 1065 339 9
1100 350 1073 341 7
