#
100 350 10 10 10
100 350 10 10 26
100 350 10 10 10
100 350 10 10 30
100 350 10 10 27
100 350 10 10 9
100 350 10 10 26
100 350 10 10 12
#
200 350 10 10 7
200 350 10 10 3
200 350 10 10 3
200 350 10 10 3
200 350 10 10 7
200 350 10 10 13
200 350 10 10 3
200 350 10 10 6
200 350 10 10 4
200 350 10 10 8
#
300 350 10 10 10
300 350 10 10 28
300 350 10 10 8
300 350 10 10 12
300 350 10 10 7
300 350 10 10 12
300 350 10 10 7
#
400 350 10 10 13
400 350 10 10 3
400 350 10 10 3
400 350 10 10 3
400 350 10 10 3
400 350 10 10 3
400 350 10 10 3
400 350 10 10 3
400 350 10 10 3
400 350 10 10 3
400 350 10 10 3
#
500 350 10 10 12
500 350 10 10 16
500 350 10 10 8
500 350 10 10 6
500 350 10 10 5
#
600 350 10 10 3
600 350 10 10 6
600 350 10 10 3
600 350 10 10 3
600 350 10 10 9
600 350 10 10 3
600 350 10 10 4
600 350 10 10 6
600 350 10 10 3
#
700 350 10 10 7
700 350 10 10 15
700 350 10 10 12
700 350 10 10 6
700 350 10 10 7
#
900 350 10 10 5
900 350 10 10 20
900 350 10 10 18
900 350 10 10 7
900 350 10 10 8
#
1000 350 10 10 3
1000 350 10 10 3
1000 350 10 10 5
1000 350 10 10 5
1000 350 10 10 5
1000 350 10 10 5
1000 350 10 10 5
1000 350 10 10 5
#
1100 350 10 10 11
1100 350 10 10 4
1100 350 10 10 6
1100 350 10 10 7
1100 350 10 10 9
1100 350 10 10 9
1100 350 10 10 7
