#
10 10 50 50 10 
26 26 130 130 26 
10 10 50 50 10 
30 30 150 150 30 
27 27 135 135 27 
9 9 45 45 9 
26 26 130 130 26 
12 12 60 60 12 
#
7 7 35 35 7 
3 3 15 15 3 
3 3 15 15 3 
3 3 15 15 3 
7 7 35 35 7 
10 10 50 50 10 
10 10 50 50 10 
10 10 50 50 10 
10 10 50 50 10 
10 10 50 50 10 
#
10 10 50 50 10 
10 10 50 50 10 
10 10 50 50 10 
10 10 50 50 10 
10 10 50 50 10 
10 10 50 50 10 
10 10 50 50 10 
#
10 10 50 50 10 
10 10 50 50 10 
10 10 50 50 10 
10 10 50 50 10 
10 10 50 50 10 
10 10 50 50 10 
10 10 50 50 10 
10 10 50 50 10 
10 10 50 50 10 
10 10 50 50 10 
10 10 50 50 10 
#
10 10 50 50 10 
10 10 50 50 10 
10 10 50 50 10 
#
10 10 50 50 10 
10 10 50 50 10 
10 10 50 50 10 
#
10 10 50 50 10 
10 10 50 50 10 
10 10 50 50 10 
#
10 10 50 50 10 
10 10 50 50 10 
10 10 50 50 10 
#
10 10 50 50 10 
10 10 50 50 10 
10 10 50 50 10 
#
10 10 50 50 10 
10 10 50 50 10 
10 10 50 50 10 
